version = 'MMult_4x4_15';
MY_MMult = [
40 4.923077e+00 2.664535e-15 
60 5.082353e+00 3.552714e-15 
80 7.757576e+00 5.329071e-15 
100 7.194245e+00 8.881784e-15 
120 7.680000e+00 9.769963e-15 
140 6.572455e+00 1.065814e-14 
160 4.651902e+00 1.065814e-14 
180 6.451327e+00 1.598721e-14 
200 6.527948e+00 2.131628e-14 
220 6.289427e+00 2.131628e-14 
240 6.305131e+00 2.486900e-14 
260 6.427500e+00 2.486900e-14 
280 6.481252e+00 3.197442e-14 
300 6.066734e+00 3.197442e-14 
320 6.284618e+00 3.907985e-14 
340 6.133104e+00 4.263256e-14 
360 6.252898e+00 4.263256e-14 
380 6.374535e+00 4.618528e-14 
400 6.140267e+00 4.618528e-14 
420 6.236626e+00 5.329071e-14 
440 6.334560e+00 5.329071e-14 
460 6.182811e+00 5.329071e-14 
480 6.163346e+00 6.039613e-14 
500 6.097412e+00 5.684342e-14 
520 6.223796e+00 6.394885e-14 
540 6.154183e+00 6.750156e-14 
560 6.226745e+00 6.039613e-14 
580 6.163118e+00 8.526513e-14 
600 6.215201e+00 6.750156e-14 
620 6.011628e+00 7.815970e-14 
640 6.205840e+00 7.460699e-14 
660 6.122407e+00 9.237056e-14 
680 6.119914e+00 8.526513e-14 
700 6.142275e+00 1.065814e-13 
720 6.185184e+00 8.171241e-14 
740 6.196086e+00 9.592327e-14 
760 6.224359e+00 9.237056e-14 
780 6.118949e+00 8.881784e-14 
800 6.141371e+00 9.947598e-14 
820 6.226524e+00 9.592327e-14 
840 6.150232e+00 9.947598e-14 
860 6.231444e+00 1.065814e-13 
880 6.209340e+00 1.278977e-13 
900 6.210572e+00 1.492140e-13 
920 6.198191e+00 9.947598e-14 
940 6.162197e+00 1.350031e-13 
960 6.178604e+00 1.421085e-13 
980 6.038973e+00 1.705303e-13 
1000 6.198571e+00 1.563194e-13 
];
