version = 'MMult_4x4_13';
MY_MMult = [
40 6.095238e+00 2.664535e-15 
60 7.081967e+00 3.552714e-15 
80 5.171717e+00 5.329071e-15 
100 7.299270e+00 8.881784e-15 
120 6.545455e+00 9.769963e-15 
140 6.145577e+00 1.065814e-14 
160 6.234399e+00 1.065814e-14 
180 6.809107e+00 1.598721e-14 
200 6.394884e+00 2.131628e-14 
220 6.311796e+00 2.131628e-14 
240 6.525372e+00 2.486900e-14 
260 6.478437e+00 2.486900e-14 
280 6.385108e+00 3.197442e-14 
300 6.188402e+00 3.197442e-14 
320 6.294276e+00 3.907985e-14 
340 6.120212e+00 4.263256e-14 
360 6.124844e+00 4.263256e-14 
380 6.198125e+00 4.618528e-14 
400 6.218422e+00 4.618528e-14 
420 6.282904e+00 5.329071e-14 
440 6.352985e+00 5.329071e-14 
460 6.145531e+00 5.329071e-14 
480 6.276326e+00 6.039613e-14 
500 6.273526e+00 5.684342e-14 
520 6.091409e+00 6.394885e-14 
540 6.311688e+00 6.750156e-14 
560 6.144609e+00 6.039613e-14 
580 6.171306e+00 8.526513e-14 
600 6.269774e+00 6.750156e-14 
620 6.165834e+00 7.815970e-14 
640 6.195573e+00 7.460699e-14 
660 6.103560e+00 9.237056e-14 
680 6.154232e+00 8.526513e-14 
700 6.153018e+00 1.065814e-13 
720 6.148554e+00 8.171241e-14 
740 6.188516e+00 9.592327e-14 
760 6.228112e+00 9.237056e-14 
780 6.145017e+00 8.881784e-14 
800 6.160844e+00 9.947598e-14 
820 6.077924e+00 9.592327e-14 
840 6.157804e+00 9.947598e-14 
860 6.145647e+00 1.065814e-13 
880 6.136374e+00 1.278977e-13 
900 6.079534e+00 1.492140e-13 
920 6.123927e+00 9.947598e-14 
940 6.082102e+00 1.350031e-13 
960 6.168137e+00 1.421085e-13 
980 6.087661e+00 1.705303e-13 
1000 6.180336e+00 1.563194e-13 
];
