version = 'MMult1';
MY_MMult = [
40 1.438202e+00 0.000000e+00 
60 1.636364e+00 0.000000e+00 
80 1.469154e+00 0.000000e+00 
100 1.589825e+00 0.000000e+00 
120 1.534636e+00 0.000000e+00 
140 1.547223e+00 0.000000e+00 
160 1.514793e+00 0.000000e+00 
180 1.209582e+00 0.000000e+00 
200 1.402402e+00 0.000000e+00 
220 1.478068e+00 0.000000e+00 
240 1.357357e+00 0.000000e+00 
260 1.403554e+00 0.000000e+00 
280 1.291256e+00 0.000000e+00 
300 1.320842e+00 0.000000e+00 
320 1.252264e+00 0.000000e+00 
340 1.259259e+00 0.000000e+00 
360 1.230623e+00 0.000000e+00 
380 1.155601e+00 0.000000e+00 
400 1.165119e+00 0.000000e+00 
420 1.108513e+00 0.000000e+00 
440 1.066693e+00 0.000000e+00 
460 1.042973e+00 0.000000e+00 
480 1.023048e+00 0.000000e+00 
500 1.047344e+00 0.000000e+00 
520 1.004957e+00 0.000000e+00 
540 1.055339e+00 0.000000e+00 
560 9.922312e-01 0.000000e+00 
580 9.678439e-01 0.000000e+00 
600 9.324170e-01 0.000000e+00 
620 9.244220e-01 0.000000e+00 
640 9.486474e-01 0.000000e+00 
660 9.129886e-01 0.000000e+00 
680 9.303685e-01 0.000000e+00 
700 9.497097e-01 0.000000e+00 
720 9.006135e-01 0.000000e+00 
740 8.711516e-01 0.000000e+00 
760 8.464709e-01 0.000000e+00 
780 8.814812e-01 0.000000e+00 
800 8.567991e-01 0.000000e+00 
820 8.504120e-01 0.000000e+00 
840 8.702088e-01 0.000000e+00 
860 8.553112e-01 0.000000e+00 
880 8.437119e-01 0.000000e+00 
900 8.522727e-01 0.000000e+00 
920 8.204389e-01 0.000000e+00 
940 8.442065e-01 0.000000e+00 
960 8.086383e-01 0.000000e+00 
980 8.033863e-01 0.000000e+00 
1000 8.104831e-01 0.000000e+00 
];
