version = 'MMult_4x4_6';
MY_MMult = [
40 3.282051e+00 2.664535e-15 
60 3.297710e+00 3.552714e-15 
80 5.305699e+00 5.329071e-15 
100 5.012531e+00 8.881784e-15 
120 4.727770e+00 9.769963e-15 
140 2.752257e+00 1.065814e-14 
160 4.237972e+00 9.325873e-15 
180 4.917369e+00 1.154632e-14 
200 4.823636e+00 1.421085e-14 
220 4.585702e+00 1.421085e-14 
240 4.435745e+00 1.421085e-14 
260 4.149197e+00 2.131628e-14 
280 4.135644e+00 1.776357e-14 
300 3.477813e+00 2.309264e-14 
320 3.487998e+00 2.486900e-14 
340 3.588096e+00 2.486900e-14 
360 3.222878e+00 2.842171e-14 
380 3.475001e+00 3.197442e-14 
400 3.199760e+00 3.197442e-14 
420 2.922488e+00 2.842171e-14 
440 3.110381e+00 4.263256e-14 
460 2.828014e+00 4.263256e-14 
480 1.818439e+00 3.197442e-14 
500 1.552593e+00 3.552714e-14 
520 2.450321e+00 3.552714e-14 
540 2.424575e+00 3.730349e-14 
560 2.273479e+00 3.907985e-14 
580 2.159119e+00 3.907985e-14 
600 2.108737e+00 4.263256e-14 
620 2.147834e+00 4.973799e-14 
640 1.961400e+00 4.973799e-14 
660 2.090052e+00 6.394885e-14 
680 2.025823e+00 4.263256e-14 
700 2.036509e+00 4.973799e-14 
720 2.047742e+00 4.973799e-14 
740 2.004140e+00 4.618528e-14 
760 1.943111e+00 5.329071e-14 
780 1.957896e+00 5.861978e-14 
800 1.976842e+00 4.973799e-14 
820 1.940914e+00 6.394885e-14 
840 1.922831e+00 6.394885e-14 
860 1.837309e+00 6.039613e-14 
880 1.895853e+00 6.394885e-14 
900 1.861563e+00 6.394885e-14 
920 1.891477e+00 5.684342e-14 
940 1.892629e+00 7.105427e-14 
960 1.905867e+00 7.460699e-14 
980 1.900580e+00 9.237056e-14 
1000 1.896533e+00 5.684342e-14 
];
