version = 'MMult_4x4_16';
MY_MMult = [
40 5.818182e+00 2.664535e-15 
60 7.322034e+00 3.552714e-15 
80 5.720670e+00 5.329071e-15 
100 5.882353e+00 8.881784e-15 
120 1.247653e+01 9.769963e-15 
140 1.214159e+01 1.065814e-14 
160 1.128375e+01 1.065814e-14 
180 1.195082e+01 1.598721e-14 
200 1.203008e+01 2.131628e-14 
220 1.201806e+01 2.131628e-14 
240 1.184576e+01 2.486900e-14 
260 1.155936e+01 2.486900e-14 
280 1.144227e+01 3.197442e-14 
300 1.176727e+01 3.197442e-14 
320 1.168616e+01 3.907985e-14 
340 1.200489e+01 4.263256e-14 
360 1.208235e+01 4.263256e-14 
380 9.195140e+00 4.618528e-14 
400 1.197045e+01 4.618528e-14 
420 1.186832e+01 5.329071e-14 
440 1.107580e+01 5.329071e-14 
460 1.176053e+01 5.329071e-14 
480 1.173826e+01 6.039613e-14 
500 1.134713e+01 5.684342e-14 
520 9.906158e+00 6.394885e-14 
540 1.164373e+01 6.750156e-14 
560 1.161981e+01 6.039613e-14 
580 1.194588e+01 8.526513e-14 
600 1.194096e+01 6.750156e-14 
620 1.191044e+01 7.815970e-14 
640 1.196131e+01 7.460699e-14 
660 1.164659e+01 9.237056e-14 
680 1.179238e+01 8.526513e-14 
700 1.176995e+01 1.065814e-13 
720 1.184576e+01 8.171241e-14 
740 1.191958e+01 9.592327e-14 
760 1.188107e+01 9.237056e-14 
780 1.172428e+01 8.881784e-14 
800 1.179710e+01 9.947598e-14 
820 1.184248e+01 9.592327e-14 
840 1.170739e+01 9.947598e-14 
860 1.190091e+01 1.065814e-13 
880 1.016432e+01 1.278977e-13 
900 1.026320e+01 1.492140e-13 
920 1.016770e+01 9.947598e-14 
940 1.033000e+01 1.350031e-13 
960 1.045898e+01 1.421085e-13 
980 1.051793e+01 1.705303e-13 
1000 8.746266e+00 1.563194e-13 
];
