version = 'MMult_1x4_8';
MY_MMult = [
40 3.459459e+00 2.664535e-15 
60 3.456000e+00 3.552714e-15 
80 2.805479e+00 5.329071e-15 
100 3.906250e+00 8.881784e-15 
120 3.050309e+00 9.769963e-15 
140 3.976812e+00 1.065814e-14 
160 2.909091e+00 9.325873e-15 
180 4.292970e+00 1.154632e-14 
200 3.741815e+00 1.421085e-14 
220 4.722998e+00 1.421085e-14 
240 4.410976e+00 1.421085e-14 
260 4.274319e+00 2.131628e-14 
280 4.265009e+00 1.776357e-14 
300 3.501946e+00 2.309264e-14 
320 3.573002e+00 2.486900e-14 
340 3.435664e+00 2.486900e-14 
360 3.139387e+00 2.842171e-14 
380 3.144167e+00 3.197442e-14 
400 3.289643e+00 3.197442e-14 
420 2.867016e+00 2.842171e-14 
440 3.170758e+00 4.263256e-14 
460 2.758957e+00 4.263256e-14 
480 2.806832e+00 3.197442e-14 
500 2.713439e+00 3.552714e-14 
520 2.875478e+00 3.552714e-14 
540 2.547405e+00 3.730349e-14 
560 2.595777e+00 3.907985e-14 
580 2.518907e+00 3.907985e-14 
600 2.485887e+00 4.263256e-14 
620 2.363052e+00 4.973799e-14 
640 2.400070e+00 4.973799e-14 
660 2.586524e+00 6.394885e-14 
680 2.339358e+00 4.263256e-14 
700 2.425691e+00 4.973799e-14 
720 2.490013e+00 4.973799e-14 
740 2.281641e+00 4.618528e-14 
760 2.425851e+00 5.329071e-14 
780 2.192068e+00 5.861978e-14 
800 2.020063e+00 4.973799e-14 
820 2.298808e+00 6.394885e-14 
840 1.824746e+00 6.394885e-14 
860 2.301911e+00 6.039613e-14 
880 1.698870e+00 6.394885e-14 
900 2.315671e+00 6.394885e-14 
920 1.721767e+00 5.684342e-14 
940 2.216504e+00 7.105427e-14 
960 2.137877e+00 7.460699e-14 
980 1.482023e+00 9.237056e-14 
1000 2.176425e+00 5.684342e-14 
];
