version = 'MMult_1x4_3';
MY_MMult = [
40 1.333333e+00 0.000000e+00 
60 1.667954e+00 0.000000e+00 
80 1.270471e+00 0.000000e+00 
100 1.370802e+00 0.000000e+00 
120 1.216045e+00 0.000000e+00 
140 1.444211e+00 0.000000e+00 
160 1.191390e+00 0.000000e+00 
180 1.278947e+00 0.000000e+00 
200 1.312659e+00 0.000000e+00 
220 1.299725e+00 0.000000e+00 
240 1.255244e+00 0.000000e+00 
260 1.246790e+00 0.000000e+00 
280 1.249651e+00 0.000000e+00 
300 1.209190e+00 0.000000e+00 
320 1.199436e+00 0.000000e+00 
340 1.155949e+00 0.000000e+00 
360 1.274162e+00 0.000000e+00 
380 1.196576e+00 0.000000e+00 
400 1.149880e+00 0.000000e+00 
420 1.128736e+00 0.000000e+00 
440 1.128377e+00 0.000000e+00 
460 1.129188e+00 0.000000e+00 
480 1.111930e+00 0.000000e+00 
500 1.100250e+00 0.000000e+00 
520 1.130526e+00 0.000000e+00 
540 1.130054e+00 0.000000e+00 
560 1.189734e+00 0.000000e+00 
580 1.101659e+00 0.000000e+00 
600 1.116034e+00 0.000000e+00 
620 1.107351e+00 0.000000e+00 
640 1.085446e+00 0.000000e+00 
660 1.137782e+00 0.000000e+00 
680 1.056982e+00 0.000000e+00 
700 1.113161e+00 0.000000e+00 
720 1.117250e+00 0.000000e+00 
740 1.109368e+00 0.000000e+00 
760 1.110167e+00 0.000000e+00 
780 1.096148e+00 0.000000e+00 
800 9.709023e-01 0.000000e+00 
820 1.109306e+00 0.000000e+00 
840 1.122777e+00 0.000000e+00 
860 1.108493e+00 0.000000e+00 
880 7.916172e-01 0.000000e+00 
900 1.096674e+00 0.000000e+00 
920 1.093086e+00 0.000000e+00 
940 1.072446e+00 0.000000e+00 
960 1.060726e+00 0.000000e+00 
980 6.679834e-01 0.000000e+00 
1000 1.113403e+00 0.000000e+00 
];
