version = 'MMult_4x4_8';
MY_MMult = [
40 5.333333e+00 2.664535e-15 
60 5.333333e+00 3.552714e-15 
80 5.333333e+00 5.329071e-15 
100 5.063291e+00 8.881784e-15 
120 4.800000e+00 9.769963e-15 
140 4.436540e+00 1.065814e-14 
160 4.785047e+00 9.325873e-15 
180 4.766653e+00 1.154632e-14 
200 4.388371e+00 1.421085e-14 
220 4.551400e+00 1.421085e-14 
240 4.337622e+00 1.421085e-14 
260 4.135529e+00 2.131628e-14 
280 3.796939e+00 1.776357e-14 
300 4.020250e+00 2.309264e-14 
320 3.334147e+00 2.486900e-14 
340 3.514620e+00 2.486900e-14 
360 3.392794e+00 2.842171e-14 
380 3.242451e+00 3.197442e-14 
400 3.149916e+00 3.197442e-14 
420 3.139655e+00 2.842171e-14 
440 3.007697e+00 4.263256e-14 
460 2.179734e+00 4.263256e-14 
480 2.580549e+00 3.197442e-14 
500 1.802620e+00 3.552714e-14 
520 2.369172e+00 3.552714e-14 
540 2.209819e+00 3.730349e-14 
560 2.220668e+00 3.907985e-14 
580 2.201049e+00 3.907985e-14 
600 2.143155e+00 4.263256e-14 
620 2.157517e+00 4.973799e-14 
640 2.040650e+00 4.973799e-14 
660 2.129639e+00 6.394885e-14 
680 2.096891e+00 4.263256e-14 
700 2.099966e+00 4.973799e-14 
720 2.061136e+00 4.973799e-14 
740 2.053873e+00 4.618528e-14 
760 2.015019e+00 5.329071e-14 
780 1.960874e+00 5.861978e-14 
800 1.954583e+00 4.973799e-14 
820 1.942008e+00 6.394885e-14 
840 1.950342e+00 6.394885e-14 
860 1.913511e+00 6.039613e-14 
880 1.888678e+00 6.394885e-14 
900 1.850909e+00 6.394885e-14 
920 1.853472e+00 5.684342e-14 
940 1.869920e+00 7.105427e-14 
960 1.903116e+00 7.460699e-14 
980 1.876316e+00 9.237056e-14 
1000 1.900053e+00 5.684342e-14 
];
