version = 'MMult2';
MY_MMult = [
40 1.267327e+00 0.000000e+00 
60 1.082707e+00 0.000000e+00 
80 1.488372e+00 0.000000e+00 
100 1.157407e+00 0.000000e+00 
120 1.257184e+00 0.000000e+00 
140 1.231874e+00 0.000000e+00 
160 1.396046e+00 0.000000e+00 
180 1.409547e+00 0.000000e+00 
200 1.385161e+00 0.000000e+00 
220 1.329172e+00 0.000000e+00 
240 1.334621e+00 0.000000e+00 
260 1.348266e+00 0.000000e+00 
280 1.267144e+00 0.000000e+00 
300 1.324373e+00 0.000000e+00 
320 1.259170e+00 0.000000e+00 
340 1.242696e+00 0.000000e+00 
360 1.249592e+00 0.000000e+00 
380 1.256313e+00 0.000000e+00 
400 1.273949e+00 0.000000e+00 
420 1.168580e+00 0.000000e+00 
440 1.182898e+00 0.000000e+00 
460 1.167063e+00 0.000000e+00 
480 1.183530e+00 0.000000e+00 
500 1.161143e+00 0.000000e+00 
520 1.185615e+00 0.000000e+00 
540 1.139425e+00 0.000000e+00 
560 1.177299e+00 0.000000e+00 
580 1.222223e+00 0.000000e+00 
600 1.162615e+00 0.000000e+00 
620 1.182194e+00 0.000000e+00 
640 1.178313e+00 0.000000e+00 
660 1.200113e+00 0.000000e+00 
680 1.167651e+00 0.000000e+00 
700 1.165703e+00 0.000000e+00 
720 1.168375e+00 0.000000e+00 
740 1.172116e+00 0.000000e+00 
760 1.157588e+00 0.000000e+00 
780 1.168137e+00 0.000000e+00 
800 1.153639e+00 0.000000e+00 
820 1.178731e+00 0.000000e+00 
840 1.149413e+00 0.000000e+00 
860 1.167610e+00 0.000000e+00 
880 7.934750e-01 0.000000e+00 
900 1.101273e+00 0.000000e+00 
920 1.176190e+00 0.000000e+00 
940 1.151630e+00 0.000000e+00 
960 1.084471e+00 0.000000e+00 
980 1.111538e+00 0.000000e+00 
1000 6.240405e-01 0.000000e+00 
];
