version = 'MMult_4x4_7';
MY_MMult = [
40 4.266667e+00 2.664535e-15 
60 3.176471e+00 3.552714e-15 
80 5.305699e+00 5.329071e-15 
100 3.508772e+00 8.881784e-15 
120 5.196992e+00 9.769963e-15 
140 3.725730e+00 1.065814e-14 
160 2.849391e+00 9.325873e-15 
180 4.766653e+00 1.154632e-14 
200 4.528729e+00 1.421085e-14 
220 4.640662e+00 1.421085e-14 
240 4.601098e+00 1.421085e-14 
260 4.420523e+00 2.131628e-14 
280 3.862069e+00 1.776357e-14 
300 3.536114e+00 2.309264e-14 
320 3.507788e+00 2.486900e-14 
340 3.462755e+00 2.486900e-14 
360 3.412148e+00 2.842171e-14 
380 3.315228e+00 3.197442e-14 
400 3.300245e+00 3.197442e-14 
420 3.032417e+00 2.842171e-14 
440 2.937075e+00 4.263256e-14 
460 2.896344e+00 4.263256e-14 
480 2.654665e+00 3.197442e-14 
500 2.554226e+00 3.552714e-14 
520 2.551291e+00 3.552714e-14 
540 2.331056e+00 3.730349e-14 
560 2.306700e+00 3.907985e-14 
580 2.197838e+00 3.907985e-14 
600 2.067154e+00 4.263256e-14 
620 2.171158e+00 4.973799e-14 
640 2.064825e+00 4.973799e-14 
660 2.056179e+00 6.394885e-14 
680 2.047683e+00 4.263256e-14 
700 2.001587e+00 4.973799e-14 
720 2.059424e+00 4.973799e-14 
740 2.081985e+00 4.618528e-14 
760 2.057824e+00 5.329071e-14 
780 1.952222e+00 5.861978e-14 
800 1.984792e+00 4.973799e-14 
820 1.964989e+00 6.394885e-14 
840 1.899230e+00 6.394885e-14 
860 1.890110e+00 6.039613e-14 
880 1.926327e+00 6.394885e-14 
900 1.920804e+00 6.394885e-14 
920 1.894053e+00 5.684342e-14 
940 1.886630e+00 7.105427e-14 
960 1.890599e+00 7.460699e-14 
980 1.865586e+00 9.237056e-14 
1000 1.935848e+00 5.684342e-14 
];
