version = 'MMult_4x4_5';
MY_MMult = [
40 3.047619e+00 0.000000e+00 
60 1.630189e+00 0.000000e+00 
80 2.605598e+00 0.000000e+00 
100 1.543210e+00 0.000000e+00 
120 2.423562e+00 0.000000e+00 
140 2.454383e+00 0.000000e+00 
160 2.329920e+00 0.000000e+00 
180 2.140576e+00 0.000000e+00 
200 2.333722e+00 0.000000e+00 
220 2.217409e+00 0.000000e+00 
240 2.051495e+00 0.000000e+00 
260 2.006622e+00 0.000000e+00 
280 2.033440e+00 0.000000e+00 
300 1.974550e+00 0.000000e+00 
320 1.935613e+00 0.000000e+00 
340 1.964414e+00 0.000000e+00 
360 1.999100e+00 0.000000e+00 
380 1.897799e+00 0.000000e+00 
400 1.902440e+00 0.000000e+00 
420 1.863966e+00 0.000000e+00 
440 1.991444e+00 0.000000e+00 
460 1.803587e+00 0.000000e+00 
480 1.844307e+00 0.000000e+00 
500 1.786812e+00 0.000000e+00 
520 1.744505e+00 0.000000e+00 
540 1.772704e+00 0.000000e+00 
560 1.741721e+00 0.000000e+00 
580 1.754399e+00 0.000000e+00 
600 1.744193e+00 0.000000e+00 
620 1.748689e+00 0.000000e+00 
640 1.686280e+00 0.000000e+00 
660 1.663326e+00 0.000000e+00 
680 1.685691e+00 0.000000e+00 
700 1.654144e+00 0.000000e+00 
720 1.656664e+00 0.000000e+00 
740 1.613095e+00 0.000000e+00 
760 1.595725e+00 0.000000e+00 
780 1.637688e+00 0.000000e+00 
800 1.502493e+00 0.000000e+00 
820 1.473127e+00 0.000000e+00 
840 1.512100e+00 0.000000e+00 
860 1.459485e+00 0.000000e+00 
880 1.459633e+00 0.000000e+00 
900 1.429633e+00 0.000000e+00 
920 1.430273e+00 0.000000e+00 
940 1.416034e+00 0.000000e+00 
960 1.394642e+00 0.000000e+00 
980 1.363027e+00 0.000000e+00 
1000 1.340811e+00 0.000000e+00 
];
