version = 'MMult_4x4_3';
MY_MMult = [
40 1.560976e+00 0.000000e+00 
60 1.505226e+00 0.000000e+00 
80 1.643660e+00 0.000000e+00 
100 1.239926e+00 0.000000e+00 
120 1.112327e+00 0.000000e+00 
140 1.378202e+00 0.000000e+00 
160 1.512555e+00 0.000000e+00 
180 1.339150e+00 0.000000e+00 
200 1.222681e+00 0.000000e+00 
220 1.272543e+00 0.000000e+00 
240 1.290274e+00 0.000000e+00 
260 1.234616e+00 0.000000e+00 
280 1.279180e+00 0.000000e+00 
300 1.196915e+00 0.000000e+00 
320 1.194039e+00 0.000000e+00 
340 1.175376e+00 0.000000e+00 
360 1.212584e+00 0.000000e+00 
380 1.186768e+00 0.000000e+00 
400 1.184834e+00 0.000000e+00 
420 1.147797e+00 0.000000e+00 
440 1.186060e+00 0.000000e+00 
460 1.181061e+00 0.000000e+00 
480 1.125063e+00 0.000000e+00 
500 1.124419e+00 0.000000e+00 
520 1.105365e+00 0.000000e+00 
540 1.122018e+00 0.000000e+00 
560 1.118399e+00 0.000000e+00 
580 1.122866e+00 0.000000e+00 
600 1.126790e+00 0.000000e+00 
620 1.164840e+00 0.000000e+00 
640 1.135621e+00 0.000000e+00 
660 1.145813e+00 0.000000e+00 
680 1.142409e+00 0.000000e+00 
700 1.125502e+00 0.000000e+00 
720 1.169008e+00 0.000000e+00 
740 1.106911e+00 0.000000e+00 
760 1.027893e+00 0.000000e+00 
780 1.018750e+00 0.000000e+00 
800 1.087736e+00 0.000000e+00 
820 8.688755e-01 0.000000e+00 
840 1.084377e+00 0.000000e+00 
860 7.817682e-01 0.000000e+00 
880 7.932865e-01 0.000000e+00 
900 7.881013e-01 0.000000e+00 
920 7.509045e-01 0.000000e+00 
940 1.084798e+00 0.000000e+00 
960 6.965156e-01 0.000000e+00 
980 6.797544e-01 0.000000e+00 
1000 6.482873e-01 0.000000e+00 
];
