version = 'MMult_1x4_6';
MY_MMult = [
40 3.121951e+00 2.664535e-15 
60 5.400000e+00 3.552714e-15 
80 4.338983e+00 5.329071e-15 
100 2.369668e+00 8.881784e-15 
120 2.479197e+00 9.769963e-15 
140 2.563288e+00 1.065814e-14 
160 2.517517e+00 9.325873e-15 
180 2.840721e+00 1.154632e-14 
200 3.394145e+00 1.421085e-14 
220 2.933737e+00 1.421085e-14 
240 4.866749e+00 1.421085e-14 
260 4.417745e+00 2.131628e-14 
280 3.100784e+00 1.776357e-14 
300 3.667233e+00 2.309264e-14 
320 3.535225e+00 2.486900e-14 
340 3.055467e+00 2.486900e-14 
360 3.085204e+00 2.842171e-14 
380 3.005038e+00 3.197442e-14 
400 2.997869e+00 3.197442e-14 
420 2.776287e+00 2.842171e-14 
440 2.932425e+00 4.263256e-14 
460 2.739043e+00 4.263256e-14 
480 2.978548e+00 3.197442e-14 
500 3.068125e+00 3.552714e-14 
520 2.476081e+00 3.552714e-14 
540 3.151896e+00 3.730349e-14 
560 2.744708e+00 3.907985e-14 
580 2.791342e+00 3.907985e-14 
600 2.632124e+00 4.263256e-14 
620 2.847952e+00 4.973799e-14 
640 2.553529e+00 4.973799e-14 
660 2.509644e+00 6.394885e-14 
680 2.553897e+00 4.263256e-14 
700 2.392428e+00 4.973799e-14 
720 2.414719e+00 4.973799e-14 
740 2.618758e+00 4.618528e-14 
760 2.517454e+00 5.329071e-14 
780 2.139130e+00 5.861978e-14 
800 2.537788e+00 4.973799e-14 
820 2.441264e+00 6.394885e-14 
840 2.758411e+00 6.394885e-14 
860 2.341756e+00 6.039613e-14 
880 2.229058e+00 6.394885e-14 
900 2.207255e+00 6.394885e-14 
920 2.118836e+00 5.684342e-14 
940 2.084399e+00 7.105427e-14 
960 2.116793e+00 7.460699e-14 
980 2.094622e+00 9.237056e-14 
1000 2.249473e+00 5.684342e-14 
];
