version = 'MMult_1x4_4';
MY_MMult = [
40 1.000000e+00 0.000000e+00 
60 1.270588e+00 0.000000e+00 
80 1.312821e+00 0.000000e+00 
100 1.411433e+00 0.000000e+00 
120 1.215617e+00 0.000000e+00 
140 1.210944e+00 0.000000e+00 
160 1.230030e+00 0.000000e+00 
180 1.245356e+00 0.000000e+00 
200 1.341494e+00 0.000000e+00 
220 1.321666e+00 0.000000e+00 
240 1.374770e+00 0.000000e+00 
260 1.303761e+00 0.000000e+00 
280 1.303989e+00 0.000000e+00 
300 1.297983e+00 0.000000e+00 
320 1.227979e+00 0.000000e+00 
340 1.263002e+00 0.000000e+00 
360 1.224696e+00 0.000000e+00 
380 9.312730e-01 0.000000e+00 
400 1.187252e+00 0.000000e+00 
420 1.182419e+00 0.000000e+00 
440 1.197178e+00 0.000000e+00 
460 1.220017e+00 0.000000e+00 
480 1.195964e+00 0.000000e+00 
500 1.179496e+00 0.000000e+00 
520 1.250327e+00 0.000000e+00 
540 1.160511e+00 0.000000e+00 
560 1.170032e+00 0.000000e+00 
580 1.165408e+00 0.000000e+00 
600 1.189545e+00 0.000000e+00 
620 1.195427e+00 0.000000e+00 
640 1.160240e+00 0.000000e+00 
660 1.153798e+00 0.000000e+00 
680 1.166180e+00 0.000000e+00 
700 1.149169e+00 0.000000e+00 
720 1.101912e+00 0.000000e+00 
740 1.142432e+00 0.000000e+00 
760 1.128605e+00 0.000000e+00 
780 1.120081e+00 0.000000e+00 
800 9.612316e-01 0.000000e+00 
820 1.094997e+00 0.000000e+00 
840 1.091126e+00 0.000000e+00 
860 1.119396e+00 0.000000e+00 
880 1.080079e+00 0.000000e+00 
900 7.349239e-01 0.000000e+00 
920 7.207601e-01 0.000000e+00 
940 1.119476e+00 0.000000e+00 
960 1.145894e+00 0.000000e+00 
980 1.154115e+00 0.000000e+00 
1000 1.127563e+00 0.000000e+00 
];
