version = 'MMult_4x4_11';
MY_MMult = [
40 7.529412e+00 2.664535e-15 
60 4.909091e+00 3.552714e-15 
80 6.692810e+00 5.329071e-15 
100 6.191950e+00 8.881784e-15 
120 6.238267e+00 9.769963e-15 
140 6.024149e+00 1.065814e-14 
160 6.117999e+00 1.065814e-14 
180 6.135718e+00 1.598721e-14 
200 6.151480e+00 2.131628e-14 
220 6.009029e+00 2.131628e-14 
240 5.906430e+00 2.486900e-14 
260 5.816016e+00 2.486900e-14 
280 4.915361e+00 3.197442e-14 
300 5.665722e+00 3.197442e-14 
320 5.743230e+00 3.907985e-14 
340 5.612452e+00 4.263256e-14 
360 5.518481e+00 4.263256e-14 
380 5.295503e+00 4.618528e-14 
400 5.509879e+00 4.618528e-14 
420 5.540947e+00 5.329071e-14 
440 5.338849e+00 5.329071e-14 
460 5.519635e+00 5.329071e-14 
480 5.389080e+00 6.039613e-14 
500 5.293358e+00 5.684342e-14 
520 5.385010e+00 6.394885e-14 
540 5.219397e+00 6.750156e-14 
560 5.329530e+00 6.039613e-14 
580 5.301524e+00 8.526513e-14 
600 5.303933e+00 6.750156e-14 
620 5.473331e+00 7.815970e-14 
640 5.395408e+00 7.460699e-14 
660 5.324099e+00 9.237056e-14 
680 5.341760e+00 8.526513e-14 
700 5.291740e+00 1.065814e-13 
720 5.068274e+00 8.171241e-14 
740 5.405401e+00 9.592327e-14 
760 5.420494e+00 9.237056e-14 
780 5.327675e+00 8.881784e-14 
800 5.359517e+00 9.947598e-14 
820 5.354283e+00 9.592327e-14 
840 5.372345e+00 9.947598e-14 
860 5.407812e+00 1.065814e-13 
880 5.367823e+00 1.278977e-13 
900 5.286401e+00 1.492140e-13 
920 5.337300e+00 9.947598e-14 
940 5.387036e+00 1.350031e-13 
960 5.362703e+00 1.421085e-13 
980 5.284004e+00 1.705303e-13 
1000 5.332437e+00 1.563194e-13 
];
