version = 'MMult_1x4_7';
MY_MMult = [
40 3.282051e+00 2.664535e-15 
60 4.800000e+00 3.552714e-15 
80 2.892655e+00 5.329071e-15 
100 4.219409e+00 8.881784e-15 
120 2.620167e+00 9.769963e-15 
140 4.287500e+00 1.065814e-14 
160 2.499847e+00 9.325873e-15 
180 2.523037e+00 1.154632e-14 
200 4.729530e+00 1.421085e-14 
220 3.940785e+00 1.421085e-14 
240 4.380922e+00 1.421085e-14 
260 3.796522e+00 2.131628e-14 
280 3.699360e+00 1.776357e-14 
300 2.851560e+00 2.309264e-14 
320 3.098189e+00 2.486900e-14 
340 3.391785e+00 2.486900e-14 
360 2.956841e+00 2.842171e-14 
380 2.806895e+00 3.197442e-14 
400 2.997728e+00 3.197442e-14 
420 2.487552e+00 2.842171e-14 
440 2.701938e+00 4.263256e-14 
460 2.521723e+00 4.263256e-14 
480 2.568980e+00 3.197442e-14 
500 2.726519e+00 3.552714e-14 
520 2.475188e+00 3.552714e-14 
540 2.299315e+00 3.730349e-14 
560 2.578815e+00 3.907985e-14 
580 2.300496e+00 3.907985e-14 
600 2.312906e+00 4.263256e-14 
620 2.335473e+00 4.973799e-14 
640 2.180808e+00 4.973799e-14 
660 2.057680e+00 6.394885e-14 
680 2.461750e+00 4.263256e-14 
700 2.512195e+00 4.973799e-14 
720 2.420945e+00 4.973799e-14 
740 2.106833e+00 4.618528e-14 
760 2.258531e+00 5.329071e-14 
780 2.022201e+00 5.861978e-14 
800 2.135024e+00 4.973799e-14 
820 1.897082e+00 6.394885e-14 
840 2.319350e+00 6.394885e-14 
860 1.710952e+00 6.039613e-14 
880 2.368364e+00 6.394885e-14 
900 1.613740e+00 6.394885e-14 
920 1.578531e+00 5.684342e-14 
940 2.116469e+00 7.105427e-14 
960 1.524525e+00 7.460699e-14 
980 2.257694e+00 9.237056e-14 
1000 1.614014e+00 5.684342e-14 
];
