version = 'MMult_1x4_9';
MY_MMult = [
40 3.878788e+00 2.664535e-15 
60 3.297710e+00 3.552714e-15 
80 3.112462e+00 5.329071e-15 
100 2.865330e+00 8.881784e-15 
120 2.958904e+00 9.769963e-15 
140 4.577148e+00 1.065814e-14 
160 3.801392e+00 9.325873e-15 
180 5.179396e+00 1.154632e-14 
200 5.103668e+00 1.421085e-14 
220 4.367514e+00 1.421085e-14 
240 3.932300e+00 1.421085e-14 
260 4.217397e+00 2.131628e-14 
280 3.595447e+00 1.776357e-14 
300 3.556141e+00 2.309264e-14 
320 3.108771e+00 2.486900e-14 
340 3.064400e+00 2.486900e-14 
360 2.964262e+00 2.842171e-14 
380 2.981769e+00 3.197442e-14 
400 2.479323e+00 3.197442e-14 
420 2.446925e+00 2.842171e-14 
440 2.466813e+00 4.263256e-14 
460 2.542339e+00 4.263256e-14 
480 2.690312e+00 3.197442e-14 
500 2.281834e+00 3.552714e-14 
520 2.925098e+00 3.552714e-14 
540 2.378916e+00 3.730349e-14 
560 2.427614e+00 3.907985e-14 
580 2.358861e+00 3.907985e-14 
600 2.358967e+00 4.263256e-14 
620 2.391867e+00 4.973799e-14 
640 2.503871e+00 4.973799e-14 
660 2.445474e+00 6.394885e-14 
680 2.511508e+00 4.263256e-14 
700 2.157192e+00 4.973799e-14 
720 2.221714e+00 4.973799e-14 
740 2.064089e+00 4.618528e-14 
760 2.234191e+00 5.329071e-14 
780 1.972894e+00 5.861978e-14 
800 2.373546e+00 4.973799e-14 
820 2.367494e+00 6.394885e-14 
840 1.878758e+00 6.394885e-14 
860 2.308138e+00 6.039613e-14 
880 1.732366e+00 6.394885e-14 
900 2.302139e+00 6.394885e-14 
920 2.408461e+00 5.684342e-14 
940 1.609980e+00 7.105427e-14 
960 1.479523e+00 7.460699e-14 
980 1.507129e+00 9.237056e-14 
1000 1.487599e+00 5.684342e-14 
];
