version = 'MMult_4x4_9';
MY_MMult = [
40 4.413793e+00 2.664535e-15 
60 4.075472e+00 3.552714e-15 
80 5.389474e+00 5.329071e-15 
100 5.089059e+00 8.881784e-15 
120 4.888260e+00 9.769963e-15 
140 4.623420e+00 1.065814e-14 
160 4.607424e+00 9.325873e-15 
180 4.845866e+00 1.154632e-14 
200 4.735129e+00 1.421085e-14 
220 4.618521e+00 1.421085e-14 
240 4.541393e+00 1.421085e-14 
260 4.196753e+00 2.131628e-14 
280 3.963886e+00 1.776357e-14 
300 3.637588e+00 2.309264e-14 
320 3.582181e+00 2.486900e-14 
340 3.468408e+00 2.486900e-14 
360 3.596531e+00 2.842171e-14 
380 3.130981e+00 3.197442e-14 
400 3.197522e+00 3.197442e-14 
420 3.118707e+00 2.842171e-14 
440 2.877546e+00 4.263256e-14 
460 2.798097e+00 4.263256e-14 
480 2.846348e+00 3.197442e-14 
500 2.704984e+00 3.552714e-14 
520 2.365704e+00 3.552714e-14 
540 2.454832e+00 3.730349e-14 
560 2.315887e+00 3.907985e-14 
580 2.327458e+00 3.907985e-14 
600 2.164741e+00 4.263256e-14 
620 2.257599e+00 4.973799e-14 
640 2.198291e+00 4.973799e-14 
660 2.171609e+00 6.394885e-14 
680 2.101650e+00 4.263256e-14 
700 2.093902e+00 4.973799e-14 
720 2.069811e+00 4.973799e-14 
740 2.051367e+00 4.618528e-14 
760 2.122980e+00 5.329071e-14 
780 2.015241e+00 5.861978e-14 
800 2.038842e+00 4.973799e-14 
820 2.018122e+00 6.394885e-14 
840 2.011679e+00 6.394885e-14 
860 1.984822e+00 6.039613e-14 
880 1.971729e+00 6.394885e-14 
900 1.896956e+00 6.394885e-14 
920 1.975759e+00 5.684342e-14 
940 1.912173e+00 7.105427e-14 
960 1.920621e+00 7.460699e-14 
980 1.899589e+00 9.237056e-14 
1000 1.914061e+00 5.684342e-14 
];
