version = 'MMult_4x4_14';
MY_MMult = [
40 7.111111e+00 2.664535e-15 
60 7.714286e+00 3.552714e-15 
80 7.757576e+00 5.329071e-15 
100 7.434944e+00 8.881784e-15 
120 6.633397e+00 9.769963e-15 
140 4.826737e+00 1.065814e-14 
160 6.196672e+00 1.065814e-14 
180 6.426446e+00 1.598721e-14 
200 6.446414e+00 2.131628e-14 
220 6.469016e+00 2.131628e-14 
240 6.285065e+00 2.486900e-14 
260 6.345126e+00 2.486900e-14 
280 5.975772e+00 3.197442e-14 
300 6.306201e+00 3.197442e-14 
320 6.096939e+00 3.907985e-14 
340 6.142210e+00 4.263256e-14 
360 5.775330e+00 4.263256e-14 
380 6.076970e+00 4.618528e-14 
400 6.204556e+00 4.618528e-14 
420 6.174000e+00 5.329071e-14 
440 6.009029e+00 5.329071e-14 
460 6.204488e+00 5.329071e-14 
480 6.244255e+00 6.039613e-14 
500 6.153846e+00 5.684342e-14 
520 6.002860e+00 6.394885e-14 
540 6.118671e+00 6.750156e-14 
560 6.035433e+00 6.039613e-14 
580 6.183726e+00 8.526513e-14 
600 5.962075e+00 6.750156e-14 
620 6.056081e+00 7.815970e-14 
640 6.216362e+00 7.460699e-14 
660 6.134295e+00 9.237056e-14 
680 6.154954e+00 8.526513e-14 
700 6.014906e+00 1.065814e-13 
720 6.150429e+00 8.171241e-14 
740 6.156969e+00 9.592327e-14 
760 6.135148e+00 9.237056e-14 
780 6.106037e+00 8.881784e-14 
800 6.086000e+00 9.947598e-14 
820 6.025386e+00 9.592327e-14 
840 5.979631e+00 9.947598e-14 
860 6.012042e+00 1.065814e-13 
880 6.028538e+00 1.278977e-13 
900 6.055119e+00 1.492140e-13 
920 6.050153e+00 9.947598e-14 
940 6.085645e+00 1.350031e-13 
960 6.094776e+00 1.421085e-13 
980 6.055895e+00 1.705303e-13 
1000 6.141110e+00 1.563194e-13 
];
