version = 'MMult_4x4_4';
MY_MMult = [
40 1.280000e+00 0.000000e+00 
60 1.244957e+00 0.000000e+00 
80 1.253366e+00 0.000000e+00 
100 1.367054e+00 0.000000e+00 
120 1.594096e+00 0.000000e+00 
140 1.343452e+00 0.000000e+00 
160 1.401540e+00 0.000000e+00 
180 1.252712e+00 0.000000e+00 
200 1.324942e+00 0.000000e+00 
220 1.279270e+00 0.000000e+00 
240 1.253025e+00 0.000000e+00 
260 1.239842e+00 0.000000e+00 
280 1.194797e+00 0.000000e+00 
300 1.180354e+00 0.000000e+00 
320 1.294462e+00 0.000000e+00 
340 1.336848e+00 0.000000e+00 
360 1.140218e+00 0.000000e+00 
380 1.143512e+00 0.000000e+00 
400 1.155652e+00 0.000000e+00 
420 1.122886e+00 0.000000e+00 
440 1.145762e+00 0.000000e+00 
460 1.131939e+00 0.000000e+00 
480 1.132245e+00 0.000000e+00 
500 1.114176e+00 0.000000e+00 
520 1.100056e+00 0.000000e+00 
540 1.109656e+00 0.000000e+00 
560 1.173359e+00 0.000000e+00 
580 1.104124e+00 0.000000e+00 
600 1.102044e+00 0.000000e+00 
620 1.095557e+00 0.000000e+00 
640 1.149984e+00 0.000000e+00 
660 4.895136e-01 0.000000e+00 
680 1.196865e+00 0.000000e+00 
700 1.185729e+00 0.000000e+00 
720 1.190766e+00 0.000000e+00 
740 1.181514e+00 0.000000e+00 
760 1.183575e+00 0.000000e+00 
780 1.181665e+00 0.000000e+00 
800 1.087453e+00 0.000000e+00 
820 1.058099e+00 0.000000e+00 
840 9.941295e-01 0.000000e+00 
860 1.028145e+00 0.000000e+00 
880 9.704399e-01 0.000000e+00 
900 8.759840e-01 0.000000e+00 
920 8.354945e-01 0.000000e+00 
940 8.044658e-01 0.000000e+00 
960 6.868847e-01 0.000000e+00 
980 6.622765e-01 0.000000e+00 
1000 7.269117e-01 0.000000e+00 
];
