version = 'MMult_1x4_5';
MY_MMult = [
40 1.777778e+00 0.000000e+00 
60 1.734940e+00 0.000000e+00 
80 1.528358e+00 0.000000e+00 
100 1.551590e+00 0.000000e+00 
120 2.168130e+00 0.000000e+00 
140 1.526989e+00 0.000000e+00 
160 1.742237e+00 0.000000e+00 
180 1.831946e+00 0.000000e+00 
200 1.836969e+00 0.000000e+00 
220 1.800169e+00 0.000000e+00 
240 1.758443e+00 0.000000e+00 
260 1.749900e+00 0.000000e+00 
280 1.658257e+00 0.000000e+00 
300 1.612566e+00 0.000000e+00 
320 1.507025e+00 0.000000e+00 
340 1.553948e+00 0.000000e+00 
360 1.730564e+00 0.000000e+00 
380 1.648625e+00 0.000000e+00 
400 1.685719e+00 0.000000e+00 
420 1.705878e+00 0.000000e+00 
440 1.518540e+00 0.000000e+00 
460 1.459431e+00 0.000000e+00 
480 1.489695e+00 0.000000e+00 
500 1.621292e+00 0.000000e+00 
520 1.496148e+00 0.000000e+00 
540 1.495321e+00 0.000000e+00 
560 1.548396e+00 0.000000e+00 
580 1.445836e+00 0.000000e+00 
600 1.552304e+00 0.000000e+00 
620 1.559254e+00 0.000000e+00 
640 1.559833e+00 0.000000e+00 
660 1.538572e+00 0.000000e+00 
680 1.611038e+00 0.000000e+00 
700 1.504132e+00 0.000000e+00 
720 1.482805e+00 0.000000e+00 
740 1.390294e+00 0.000000e+00 
760 1.471834e+00 0.000000e+00 
780 1.462586e+00 0.000000e+00 
800 1.553914e+00 0.000000e+00 
820 1.449050e+00 0.000000e+00 
840 1.226828e+00 0.000000e+00 
860 1.320409e+00 0.000000e+00 
880 1.409549e+00 0.000000e+00 
900 1.402728e+00 0.000000e+00 
920 1.088614e+00 0.000000e+00 
940 1.460392e+00 0.000000e+00 
960 1.410965e+00 0.000000e+00 
980 1.404018e+00 0.000000e+00 
1000 1.400341e+00 0.000000e+00 
];
