version = 'MMult_4x4_12';
MY_MMult = [
40 2.976744e+00 2.664535e-15 
60 3.661017e+00 3.552714e-15 
80 5.535135e+00 5.329071e-15 
100 4.716981e+00 8.881784e-15 
120 4.374684e+00 9.769963e-15 
140 4.611765e+00 1.065814e-14 
160 4.457018e+00 1.065814e-14 
180 4.389913e+00 1.598721e-14 
200 4.443210e+00 2.131628e-14 
220 4.522404e+00 2.131628e-14 
240 4.248310e+00 2.486900e-14 
260 4.412200e+00 2.486900e-14 
280 4.402728e+00 3.197442e-14 
300 4.329699e+00 3.197442e-14 
320 4.112450e+00 3.907985e-14 
340 4.066211e+00 4.263256e-14 
360 4.066414e+00 4.263256e-14 
380 4.064442e+00 4.618528e-14 
400 4.268374e+00 4.618528e-14 
420 4.105167e+00 5.329071e-14 
440 3.967583e+00 5.329071e-14 
460 4.125718e+00 5.329071e-14 
480 4.124566e+00 6.039613e-14 
500 4.313096e+00 5.684342e-14 
520 4.078668e+00 6.394885e-14 
540 4.072731e+00 6.750156e-14 
560 4.045473e+00 6.039613e-14 
580 4.125120e+00 8.526513e-14 
600 4.052419e+00 6.750156e-14 
620 4.058892e+00 7.815970e-14 
640 4.058805e+00 7.460699e-14 
660 4.070769e+00 9.237056e-14 
680 4.069501e+00 8.526513e-14 
700 4.066800e+00 1.065814e-13 
720 4.130449e+00 8.171241e-14 
740 4.065269e+00 9.592327e-14 
760 4.038845e+00 9.237056e-14 
780 3.250846e+00 8.881784e-14 
800 4.050617e+00 9.947598e-14 
820 3.722642e+00 9.592327e-14 
840 4.045209e+00 9.947598e-14 
860 4.112848e+00 1.065814e-13 
880 4.108161e+00 1.278977e-13 
900 4.064803e+00 1.492140e-13 
920 4.065375e+00 9.947598e-14 
940 4.097633e+00 1.350031e-13 
960 4.059549e+00 1.421085e-13 
980 4.086782e+00 1.705303e-13 
1000 4.086244e+00 1.563194e-13 
];
