version = 'MMult_4x4_10';
MY_MMult = [
40 4.740741e+00 2.664535e-15 
60 4.645161e+00 3.552714e-15 
80 4.213992e+00 5.329071e-15 
100 6.944444e+00 8.881784e-15 
120 4.061105e+00 9.769963e-15 
140 6.024149e+00 1.065814e-14 
160 5.949165e+00 9.325873e-15 
180 5.823265e+00 1.154632e-14 
200 5.547850e+00 1.421085e-14 
220 5.718582e+00 1.421085e-14 
240 5.674877e+00 1.421085e-14 
260 5.665109e+00 2.131628e-14 
280 5.392287e+00 1.776357e-14 
300 4.774536e+00 2.309264e-14 
320 5.289854e+00 2.486900e-14 
340 4.739705e+00 2.486900e-14 
360 4.373658e+00 2.842171e-14 
380 4.503796e+00 3.197442e-14 
400 4.156789e+00 3.197442e-14 
420 3.970631e+00 2.842171e-14 
440 3.984844e+00 4.263256e-14 
460 3.679026e+00 4.263256e-14 
480 3.464282e+00 3.197442e-14 
500 3.406366e+00 3.552714e-14 
520 3.255644e+00 3.552714e-14 
540 2.943225e+00 3.730349e-14 
560 2.972789e+00 3.907985e-14 
580 2.942355e+00 3.907985e-14 
600 2.875629e+00 4.263256e-14 
620 2.827779e+00 4.973799e-14 
640 2.809177e+00 4.973799e-14 
660 2.732150e+00 6.394885e-14 
680 2.675994e+00 4.263256e-14 
700 2.708615e+00 4.973799e-14 
720 2.658055e+00 4.973799e-14 
740 2.644884e+00 4.618528e-14 
760 2.637752e+00 5.329071e-14 
780 2.632692e+00 5.861978e-14 
800 2.577106e+00 4.973799e-14 
820 2.470414e+00 6.394885e-14 
840 2.485674e+00 6.394885e-14 
860 2.373086e+00 6.039613e-14 
880 2.474202e+00 6.394885e-14 
900 2.328211e+00 6.394885e-14 
920 2.415754e+00 5.684342e-14 
940 2.336008e+00 7.105427e-14 
960 2.369383e+00 7.460699e-14 
980 2.312284e+00 9.237056e-14 
1000 2.389027e+00 5.684342e-14 
];
