version = 'MMult0';
MY_MMult = [
40 1.153153e+00 0.000000e+00 
60 1.119171e+00 0.000000e+00 
80 1.201878e+00 0.000000e+00 
100 1.420455e+00 0.000000e+00 
120 1.463787e+00 0.000000e+00 
140 1.448786e+00 0.000000e+00 
160 1.335289e+00 0.000000e+00 
180 1.426440e+00 0.000000e+00 
200 1.239637e+00 0.000000e+00 
220 9.406360e-01 0.000000e+00 
240 1.178115e+00 0.000000e+00 
260 1.201531e+00 0.000000e+00 
280 1.213052e+00 0.000000e+00 
300 1.208432e+00 0.000000e+00 
320 1.275913e+00 0.000000e+00 
340 1.156306e+00 0.000000e+00 
360 1.103461e+00 0.000000e+00 
380 1.109388e+00 0.000000e+00 
400 1.060700e+00 0.000000e+00 
420 1.044744e+00 0.000000e+00 
440 1.071976e+00 0.000000e+00 
460 1.072360e+00 0.000000e+00 
480 1.073167e+00 0.000000e+00 
500 1.012023e+00 0.000000e+00 
520 1.027299e+00 0.000000e+00 
540 1.011827e+00 0.000000e+00 
560 1.015726e+00 0.000000e+00 
580 9.959521e-01 0.000000e+00 
600 1.013913e+00 0.000000e+00 
620 9.738525e-01 0.000000e+00 
640 9.202184e-01 0.000000e+00 
660 9.442522e-01 0.000000e+00 
680 9.795069e-01 0.000000e+00 
700 9.418355e-01 0.000000e+00 
720 8.903073e-01 0.000000e+00 
740 8.981456e-01 0.000000e+00 
760 7.418920e-01 0.000000e+00 
780 8.377628e-01 0.000000e+00 
800 8.500662e-01 0.000000e+00 
820 7.653557e-01 0.000000e+00 
840 6.577652e-01 0.000000e+00 
860 8.617267e-01 0.000000e+00 
880 6.122894e-01 0.000000e+00 
900 5.806264e-01 0.000000e+00 
920 8.826400e-01 0.000000e+00 
940 6.275526e-01 0.000000e+00 
960 1.005141e+00 0.000000e+00 
980 6.086648e-01 0.000000e+00 
1000 1.006119e+00 0.000000e+00 
];
