SIZE: 1100
        CLANG       GCC
mm1: 4.736274e+00   4.690819e+00 
mm2: 4.707858e+00   4.652068e+00
mm2: 4.695270e+00   4.635775e+00
